# Accelerometer Values
# filename:  default__1.zip
# Saving start time: Sun Apr 26 12:36:32 CEST 2015

# sensor resolution: 1.0m/s^2
#Sensorvendor: Kionix, name: KXTF9 Accelerometer Sensor, type: 1,version : 1, range 10240.0

# X value, Y value, Z value, time diff in ms
-0.066 0.292 -0.419 20
-0.059 0.262 -0.377 20
0.032 -0.237 -0.201 20
0.029 -0.213 -0.181 20
0.25 -0.52 -0.525 20
0.225 -0.468 -0.473 20
0.289 -0.102 0.022 20
0.26 -0.091 0.02 20
0.234 -0.074 0.285 20
0.21 -0.066 0.257 20
0.224 -0.172 0.308 20
0.201 -0.154 0.278 20
0.233 -0.165 0.0 20
0.209 -0.148 0.0 21
0.154 -0.099 -0.155 19
0.139 -0.089 -0.139 20
0.021 -0.08 0.003 20
0.019 -0.072 0.003 20
0.017 -0.065 0.003 20
-0.07 0.036 0.106 20
-0.063 0.032 0.095 20
-0.186 0.089 0.215 20
-0.167 0.08 0.193 20
-0.125 0.072 -0.092 22
-0.112 0.065 -0.083 18
-0.092 -0.096 -0.066 20
-0.083 -0.086 -0.059 20
-0.023 -0.043 -0.062 21
-0.021 -0.039 -0.056 19
-0.001 -0.164 -0.007 20
-0.001 -0.148 -0.006 20
-0.027 0.004 -0.169 20
-0.024 0.004 -0.152 21
0.021 -0.022 -0.206 19
0.018 -0.019 -0.185 20
-0.534 -0.13 0.531 20
-0.481 -0.117 0.477 20
-0.217 0.705 0.162 20
-0.195 0.634 0.146 20
0.297 -0.73 0.287 20
0.268 -0.657 0.258 20
0.129 -0.376 -0.474 20
0.116 -0.338 -0.427 20
-0.283 0.195 0.296 20
-0.254 0.175 0.267 20
-0.065 -0.091 0.042 20
-0.059 -0.082 0.037 20
-0.165 0.08 -0.026 20
-0.148 0.072 -0.023 20
-0.03 0.108 -0.081 20
-0.027 0.097 -0.073 20
0.061 -0.162 0.106 20
0.055 -0.145 0.095 20
-0.062 0.041 -0.051 20
-0.055 0.036 -0.046 20
0.191 -0.087 -0.223 20
0.171 -0.078 -0.2 20
0.077 -0.036 -0.016 20
0.069 -0.032 -0.015 20
0.088 0.108 -0.237 20
0.079 0.097 -0.214 20
0.157 0.027 0.04 20
0.142 0.024 0.036 20
0.119 0.074 0.067 20
0.107 0.066 0.06 20
0.027 0.042 0.14 20
0.024 0.038 0.126 21
-0.107 -0.051 0.027 19
-0.096 -0.046 0.024 20
-0.121 0.035 -0.15 20
-0.109 0.032 -0.135 20
-0.046 0.003 -0.026 20
-0.041 0.002 -0.024 20
-0.158 0.097 0.081 20
-0.142 0.087 0.073 20
-0.076 0.027 -0.114 20
-0.068 0.024 -0.103 20
-0.036 -0.046 0.036 20
-0.032 -0.042 0.032 20
-0.063 -0.038 -0.056 20
-0.057 -0.034 -0.051 20
-0.042 0.012 0.074 20
-0.038 0.011 0.067 20
-0.017 0.061 0.086 20
-0.015 0.055 0.077 20
-0.022 0.024 0.061 20
-0.02 0.021 0.055 20
-0.001 -0.058 -0.053 22
-0.001 -0.052 -0.048 18
0.016 -0.064 -0.069 20
0.014 -0.057 -0.062 20
-0.064 -0.008 0.055 20
-0.058 -0.008 0.05 20
-0.043 0.001 0.019 20
-0.039 0.001 0.017 20
0.016 0.018 0.067 20
0.014 0.016 0.06 20
0.021 -0.011 -0.022 20
0.019 -0.009 -0.02 20
0.035 0.051 -0.035 20
0.031 0.046 -0.032 20
0.011 0.033 -0.02 20
0.009 0.029 -0.018 20
0.043 0.009 -0.051 20
0.039 0.008 -0.045 20
0.017 0.024 -0.093 20
0.016 0.022 -0.083 20
0.066 -0.031 -0.006 20
0.059 -0.028 -0.005 20
-0.006 -0.034 0.055 20
-0.005 -0.03 0.049 20
-0.005 -0.01 -0.007 20
-0.004 -0.009 -0.006 20
-0.021 0.077 0.071 20
-0.019 0.07 0.064 20
0.0 0.002 0.066 20
0.0 0.002 0.06 20
0.008 -0.023 -0.057 20
0.007 -0.021 -0.052 20
-0.01 -0.062 -0.064 20
-0.009 -0.056 -0.057 20
-0.017 -0.041 0.051 20
-0.015 -0.037 0.046 20
-0.065 0.026 0.033 20
-0.059 0.023 0.029 20
0.015 0.021 0.009 20
0.014 0.019 0.008 20
0.004 0.017 -0.026 20
0.003 0.015 -0.024 20
0.029 -0.072 -0.004 20
0.026 -0.064 -0.003 20
0.023 -0.058 -0.098 20
-0.03 0.016 -0.088 20
-0.027 0.014 -0.079 20
-0.015 0.056 0.135 20
-0.014 0.05 0.121 20
-0.03 0.045 0.075 20
-0.027 0.041 0.067 20
-0.007 0.011 -0.068 20
-0.006 0.01 -0.061 20
0.02 -0.025 0.047 20
0.018 -0.022 0.043 20
-0.035 -0.012 -0.125 20
-0.031 -0.01 -0.112 20
-0.037 0.041 -0.066 20
-0.033 0.037 -0.06 20
-0.064 0.042 0.118 20
-0.058 0.038 0.106 20
0.007 -0.034 0.07 20
0.007 -0.03 0.063 20
0.006 -0.122 -0.081 20
0.005 -0.11 -0.073 20
0.005 -0.056 -0.074 20
0.004 -0.05 -0.066 20
-0.038 -0.019 0.077 20
-0.035 -0.017 0.069 20
0.002 -0.007 0.037 20
0.002 -0.006 0.033 20
0.028 0.028 0.047 20
0.025 0.025 0.042 20
0.014 -0.011 -0.013 20
0.012 -0.01 -0.012 20
-0.04 0.0 0.032 20
-0.036 0.0 0.028 20
-0.049 -0.026 0.017 20
-0.044 -0.023 0.015 20
-0.014 -0.021 -0.028 20
-0.013 -0.019 -0.026 22
-0.003 -0.008 -0.006 18
-0.002 -0.007 -0.005 20
0.006 0.001 -0.056 20
0.005 0.001 -0.051 20
-0.003 -0.024 0.005 20
-0.003 -0.022 0.005 20
0.005 -0.028 -0.038 20
0.005 -0.025 -0.034 20
-0.012 0.011 -0.031 20
-0.011 0.01 -0.028 20
-0.044 0.06 0.078 20
-0.04 0.054 0.07 20
-0.027 0.066 0.08 20
-0.024 0.059 0.072 20
-0.022 0.01 -0.003 20
-0.02 0.009 -0.003 20
-0.043 -0.042 -0.046 20
-0.039 -0.038 -0.041 20
-0.052 -0.017 -0.045 20
-0.047 -0.015 -0.041 20
-0.034 0.046 0.057 20
-0.03 0.041 0.051 21
-0.027 0.037 -0.065 23
-0.024 0.033 -0.058 16
0.037 -0.012 -0.044 20
0.034 -0.011 -0.039 20
0.004 -0.036 -0.001 20
0.004 -0.032 -0.001 20
-0.03 -0.003 -0.009 21
-0.027 -0.003 -0.008 19
-0.007 -0.011 0.0 20
-0.006 -0.01 0.0 20
0.002 0.0 0.035 20
0.002 0.0 0.031 20
-0.032 -0.009 0.011 20
-0.029 -0.008 0.01 21
-0.009 -0.085 -0.137 19
-0.008 -0.076 -0.123 20
0.018 -0.025 -0.206 23
0.016 -0.023 -0.185 18
0.006 0.039 -0.072 19
0.005 0.035 -0.064 20
-0.029 0.066 0.191 20
-0.026 0.059 0.172 20
-0.032 -0.049 0.232 20
-0.029 -0.044 0.209 20
-0.008 -0.195 0.197 20
-0.008 -0.175 0.177 20
-0.041 -0.227 -0.029 20
-0.037 -0.204 -0.026 20
-0.076 -0.209 -0.343 20
-0.069 -0.188 -0.308 20
-0.088 -0.109 -0.122 20
-0.079 -0.098 -0.11 20
-0.097 -0.002 0.029 20
-0.087 -0.002 0.026 20
-0.035 0.023 0.136 20
-0.032 0.021 0.122 20
-0.046 -0.015 0.006 20
-0.041 -0.013 0.006 20
-0.046 -0.02 0.048 20
-0.041 -0.018 0.043 20
-0.045 -0.068 0.117 20
-0.041 -0.061 0.105 20
-0.071 0.013 -0.034 20
-0.064 0.011 -0.031 20
-0.092 -0.066 0.101 20
-0.083 -0.06 0.091 22
-0.126 -0.036 0.125 18
-0.114 -0.033 0.112 20
-0.05 -0.064 0.066 20
-0.045 -0.057 0.06 20
0.019 -0.086 0.011 22
0.017 -0.077 0.009 18
0.015 -0.121 -0.154 20
0.013 -0.109 -0.139 20
0.098 -0.09 -0.03 20
0.088 -0.081 -0.027 22
0.08 -0.072 -0.024 18
0.011 0.046 0.012 20
0.01 0.041 0.01 20
-0.059 0.184 -0.059 20
-0.053 0.165 -0.053 20
-0.143 0.002 0.228 20
-0.128 0.002 0.205 20
-0.245 0.183 0.322 20
-0.22 0.164 0.29 20
-0.103 0.312 0.088 20
-0.093 0.28 0.08 20
-0.049 -0.023 -0.195 20
-0.044 -0.02 -0.175 20
0.002 0.024 -0.442 20
0.002 0.022 -0.398 20
0.123 0.123 -0.168 21
0.11 0.11 -0.151 19
0.203 0.151 -0.171 20
0.346 0.438 0.035 26
0.312 0.394 0.031 34
0.617 0.449 -0.126 20
0.555 0.404 -0.113 20
0.577 0.105 0.371 21
0.519 0.095 0.334 19
0.364 -0.009 0.508 20
0.327 -0.008 0.457 20
0.415 -0.059 0.239 20
0.374 -0.053 0.215 20
0.181 -0.203 0.055 20
0.163 -0.182 0.05 20
0.052 0.275 -1.084 20
0.047 0.247 -0.975 20
0.007 0.455 -1.223 20
0.007 0.41 -1.1 20
-0.278 0.532 -0.249 20
-0.25 0.479 -0.224 20
-0.164 0.604 0.03 20
-0.148 0.543 0.027 20
-0.168 0.584 0.43 20
-0.151 0.525 0.387 20
-0.075 0.619 0.132 20
-0.068 0.557 0.119 20
-0.13 0.553 0.133 20
-0.117 0.498 0.12 20
-0.045 0.172 0.513 20
-0.04 0.155 0.462 20
-0.097 -0.265 0.484 20
-0.087 -0.238 0.436 20
-0.104 -0.801 0.539 20
-0.094 -0.721 0.485 20
-0.11 -1.028 1.85 20
-0.099 -0.925 1.665 20
-0.132 -1.022 1.516 20
-0.119 -0.92 1.364 20
-0.081 -0.802 0.081 20
-0.073 -0.722 0.073 20
-0.117 -0.641 -0.502 20
-0.105 -0.577 -0.452 20
-0.112 -0.45 -1.002 20
-0.101 -0.405 -0.902 20
-0.099 -0.201 -0.596 20
-0.089 -0.181 -0.536 20
-0.158 0.061 -0.474 20
-0.142 0.055 -0.426 20
-0.068 0.282 -1.143 20
-0.061 0.254 -1.028 20
-0.141 0.677 -0.917 20
-0.127 0.609 -0.825 20
-0.011 0.781 -0.492 20
-0.009 0.703 -0.443 20
-0.043 0.624 -0.683 20
-0.039 0.561 -0.615 20
-0.121 0.781 -0.476 20
-0.109 0.703 -0.428 20
-0.081 0.684 -0.394 20
-0.072 0.616 -0.354 20
0.029 0.546 -0.112 20
0.026 0.491 -0.101 20
-0.062 0.442 0.529 20
-0.056 0.398 0.476 20
0.026 0.056 0.592 20
0.024 0.05 0.533 20
0.073 -0.402 1.626 20
0.066 -0.362 1.464 20
0.05 -0.912 1.309 20
0.045 -0.821 1.178 20
0.11 -0.704 1.526 20
0.099 -0.634 1.373 20
0.278 -0.717 0.994 20
0.251 -0.645 0.895 20
0.7 -0.744 -0.039 20
0.63 -0.67 -0.035 20
0.834 -0.508 -0.902 20
0.75 -0.457 -0.812 20
0.667 -0.308 -0.558 20
0.6 -0.277 -0.502 20
0.178 0.103 -1.021 20
0.16 0.093 -0.919 20
0.023 0.394 -1.198 20
0.021 0.354 -1.078 20
-0.066 0.638 -1.082 20
-0.06 0.574 -0.974 20
0.023 0.724 -1.23 20
0.021 0.651 -1.107 20
0.174 0.638 -0.686 20
0.156 0.574 -0.617 20
0.201 0.482 -0.642 20
0.181 0.434 -0.577 20
0.214 0.502 -0.735 20
0.193 0.452 -0.662 20
0.174 0.407 -0.595 20
0.087 0.418 0.205 20
0.078 0.376 0.184 20
0.01 0.062 0.83 20
0.009 0.056 0.747 20
-0.293 -0.431 2.189 20
-0.263 -0.388 1.97 20
-0.573 -0.306 1.747 20
-0.516 -0.276 1.573 20
-0.507 -1.058 1.036 20
-0.457 -0.952 0.932 20
-0.687 -0.943 1.9 20
-0.618 -0.849 1.71 20
-0.651 -0.54 -0.099 25
-0.586 -0.486 -0.089 15
-0.475 -0.627 0.411 20
-0.428 -0.564 0.37 20
-0.299 -0.534 0.738 20
-0.269 -0.48 0.664 20
-0.182 0.093 -1.428 23
-0.163 0.084 -1.285 17
0.231 0.911 -2.182 20
0.208 0.82 -1.964 20
0.343 0.962 -0.914 20
0.308 0.866 -0.823 20
0.174 0.702 -1.801 22
0.156 0.632 -1.621 18
0.132 0.568 -0.958 20
0.119 0.511 -0.863 20
0.021 0.365 0.197 20
0.019 0.329 0.177 20
0.258 0.261 -0.486 20
0.232 0.235 -0.437 20
0.321 0.16 -0.17 22
0.289 0.144 -0.153 18
0.165 -0.249 1.517 20
0.149 -0.224 1.365 20
-0.055 -0.546 1.332 20
-0.049 -0.492 1.199 22
-0.044 -0.899 0.226 18
-0.04 -0.809 0.203 20
-0.183 -0.927 2.002 20
-0.164 -0.834 1.802 20
-0.312 -0.363 2.699 20
-0.28 -0.326 2.429 20
0.669 -0.492 -1.27 20
0.602 -0.443 -1.143 20
0.896 -0.51 -0.33 20
0.806 -0.459 -0.297 20
0.492 -0.258 0.413 20
0.443 -0.232 0.371 20
-0.195 0.221 -1.131 20
-0.176 0.199 -1.018 20
-0.227 0.584 -2.054 20
-0.204 0.526 -1.848 20
-0.123 0.766 -1.232 20
-0.111 0.69 -1.109 20
-0.065 0.965 -1.231 20
-0.059 0.869 -1.108 20
0.05 0.799 -1.247 20
0.045 0.719 -1.122 20
0.075 0.509 -0.484 20
0.067 0.458 -0.436 20
0.172 0.3 -0.116 20
0.155 0.27 -0.104 20
0.234 0.131 0.112 20
0.211 0.118 0.101 20
0.0 -0.333 1.599 20
0.0 -0.299 1.439 20
-0.12 -0.666 2.089 20
-0.108 -0.599 1.88 20
-0.2 -0.884 1.174 20
-0.18 -0.796 1.057 20
-0.421 -1.035 2.96 20
-0.379 -0.932 2.664 20
-0.513 -0.718 0.984 20
-0.462 -0.646 0.885 20
-0.433 -0.814 0.253 20
-0.39 -0.733 0.228 20
-0.325 -0.513 0.895 20
-0.292 -0.461 0.805 20
-0.134 0.136 -1.568 20
-0.12 0.122 -1.411 20
0.365 0.636 -2.235 20
0.329 0.572 -2.012 20
0.261 0.946 -1.388 20
0.235 0.851 -1.249 20
0.048 0.835 -1.986 20
0.043 0.752 -1.788 20
0.194 0.59 -1.566 20
0.174 0.531 -1.409 20
0.209 0.573 -0.535 20
0.188 0.515 -0.482 20
0.255 0.507 -0.434 20
0.229 0.456 -0.39 20
0.319 0.264 -0.11 20
0.287 0.238 -0.099 20
0.275 0.093 1.298 20
0.248 0.084 1.169 20
0.188 -0.208 0.991 20
0.169 -0.187 0.892 20
0.118 -1.186 1.148 20
0.106 -1.067 1.033 20
-0.179 -1.219 3.758 20
-0.161 -1.097 3.382 20
-0.059 -0.565 1.966 20
-0.053 -0.508 1.769 20
0.494 -0.397 -1.769 20
0.445 -0.357 -1.592 20
0.599 -0.365 -0.312 20
0.539 -0.328 -0.281 20
0.485 -0.295 -0.253 20
0.204 -0.145 -0.227 21
0.183 -0.131 -0.205 19
0.018 0.123 -0.753 20
0.016 0.111 -0.678 20
-0.114 0.358 -2.817 25
-0.102 0.322 -2.535 15
0.131 0.661 -1.652 20
0.118 0.595 -1.487 20
0.029 0.725 -1.131 20
0.026 0.652 -1.018 20
0.204 0.622 -1.235 20
0.184 0.559 -1.112 20
-0.015 0.529 0.102 20
-0.013 0.476 0.092 20
-0.305 0.411 0.634 20
-0.275 0.37 0.571 21
-0.187 0.014 1.091 19
-0.168 0.013 0.982 20
-0.401 -0.453 2.798 20
-0.361 -0.408 2.518 20
-0.333 -0.393 1.844 20
-0.3 -0.354 1.659 20
-0.348 -0.456 -0.359 20
-0.313 -0.41 -0.323 20
-0.506 -0.982 1.424 20
-0.455 -0.883 1.281 20
-0.625 -0.51 0.705 20
-0.562 -0.459 0.634 20
-0.299 -0.181 -0.325 20
-0.269 -0.162 -0.292 20
0.015 -0.172 0.202 20
0.014 -0.155 0.181 20
-0.125 0.067 -1.077 20
-0.112 0.06 -0.97 20
0.217 0.373 -0.804 20
0.195 0.336 -0.723 20
0.564 0.518 -1.116 20
0.507 0.466 -1.005 20
0.646 0.178 -1.853 20
0.582 0.16 -1.667 20
0.153 0.316 -1.276 20
0.137 0.285 -1.149 20
0.115 0.61 -0.999 20
0.103 0.549 -0.899 21
0.291 0.571 -0.904 19
0.262 0.514 -0.814 20
0.305 0.497 0.948 20
0.274 0.447 0.853 20
0.195 -0.105 1.656 20
0.176 -0.095 1.49 20
-0.169 -0.257 1.402 20
-0.152 -0.232 1.261 20
-0.456 -1.114 1.696 20
-0.41 -1.002 1.526 20
-0.697 -0.893 3.762 20
-0.627 -0.804 3.385 20
-0.745 -0.508 1.383 20
-0.671 -0.457 1.244 20
-0.259 -0.256 -0.94 20
-0.233 -0.231 -0.846 20
-0.011 -0.113 -0.968 20
-0.01 -0.101 -0.871 20
0.076 0.003 -0.405 20
0.069 0.002 -0.364 20
-0.075 0.218 -1.707 20
-0.068 0.196 -1.536 20
0.033 0.642 -1.943 20
0.03 0.578 -1.749 20
0.07 0.744 -2.048 20
0.063 0.669 -1.843 20
0.315 0.775 -1.573 20
0.284 0.697 -1.415 20
0.246 0.869 -0.739 28
0.325 0.687 -0.769 32
0.293 0.618 -0.692 20
0.203 0.479 -0.14 20
0.183 0.431 -0.126 20
0.19 0.164 1.826 20
0.171 0.147 1.643 20
0.042 -0.315 1.608 20
0.038 -0.283 1.447 20
-0.301 -1.04 2.38 20
-0.271 -0.936 2.142 20
0.022 -1.644 3.98 20
0.02 -1.479 3.582 20
-0.205 -0.754 1.62 20
-0.185 -0.678 1.458 20
-0.339 -0.671 -1.929 20
-0.305 -0.604 -1.736 20
-0.602 -0.569 -0.484 20
-0.542 -0.512 -0.436 20
-0.763 -0.28 0.391 20
-0.687 -0.252 0.352 20
-0.256 0.298 -1.7 20
-0.23 0.269 -1.53 20
0.197 0.63 -2.463 20
0.177 0.567 -2.217 20
0.125 0.708 -1.193 20
0.112 0.637 -1.074 20
0.205 0.651 -2.001 20
0.184 0.586 -1.801 20
0.2 0.639 -1.629 20
0.18 0.575 -1.466 20
0.093 0.595 0.007 20
0.084 0.536 0.006 21
0.205 0.491 0.523 19
0.184 0.442 0.471 20
0.157 0.415 0.708 20
0.141 0.373 0.637 20
-0.019 0.163 1.108 20
-0.017 0.147 0.997 20
-0.015 0.132 0.897 20
0.046 -0.484 1.463 20
0.041 -0.435 1.317 20
0.098 -1.676 2.323 20
0.088 -1.509 2.091 20
-0.239 -1.047 4.132 20
-0.215 -0.943 3.719 20
0.133 -0.529 0.458 21
0.12 -0.476 0.412 20
0.961 -0.446 -1.568 19
0.865 -0.401 -1.411 20
0.615 -0.266 -1.037 20
0.553 -0.239 -0.933 20
0.274 -0.026 -1.409 20
0.246 -0.023 -1.268 20
-0.252 0.22 -2.133 20
-0.226 0.198 -1.919 20
-0.437 0.686 -2.478 20
-0.393 0.618 -2.23 20
-0.164 0.832 -1.481 20
-0.147 0.749 -1.333 20
-0.081 0.863 -0.742 20
-0.073 0.777 -0.668 20
0.106 0.717 -0.213 20
0.095 0.645 -0.192 21
0.12 0.425 0.896 19
0.108 0.383 0.806 20
0.106 0.06 1.156 20
0.095 0.054 1.041 20
0.112 -0.52 1.825 20
0.1 -0.468 1.642 20
-0.435 -0.645 2.15 20
-0.391 -0.581 1.935 20
-0.205 -1.669 2.604 20
-0.185 -1.502 2.343 20
-0.459 -0.878 1.85 20
-0.413 -0.79 1.665 20
-0.527 -0.375 -1.389 20
-0.474 -0.337 -1.25 20
-0.522 -0.2 -0.823 20
-0.47 -0.18 -0.741 20
-0.492 -0.058 -0.813 20
-0.442 -0.052 -0.732 20
-0.105 0.366 -2.4 20
-0.094 0.329 -2.16 20
0.19 0.581 -1.453 21
0.171 0.523 -1.307 19
0.275 0.651 -0.771 21
0.247 0.586 -0.694 19
0.162 0.467 -1.211 20
0.146 0.42 -1.09 20
0.045 0.396 -0.42 20
0.04 0.356 -0.378 20
0.183 0.519 -0.754 20
0.164 0.467 -0.679 20
0.251 0.299 0.25 20
0.226 0.269 0.225 20
-0.097 0.191 1.703 20
-0.087 0.171 1.533 20
0.101 -0.293 1.379 20
0.091 -0.264 1.241 20
0.186 -1.065 1.936 20
0.167 -0.958 1.743 20
-0.314 -0.888 2.896 20
-0.283 -0.8 2.606 20
-0.315 -0.538 1.768 20
-0.283 -0.485 1.591 20
0.356 -0.307 -1.636 20
0.32 -0.276 -1.473 20
0.72 -0.188 -1.8 20
0.648 -0.169 -1.62 20
0.281 0.062 -0.501 20
0.253 0.056 -0.45 20
-0.125 0.283 -0.759 20
-0.112 0.255 -0.683 20
-0.075 0.566 -1.822 20
-0.068 0.509 -1.639 20
-0.07 0.743 -1.596 20
-0.063 0.668 -1.437 20
-0.082 0.748 -0.801 20
-0.074 0.673 -0.721 20
0.234 0.597 -1.063 20
0.211 0.537 -0.957 20
0.216 0.57 -0.188 20
0.194 0.513 -0.169 20
0.123 0.556 -0.127 20
0.11 0.501 -0.114 20
0.074 0.192 0.69 20
0.066 0.173 0.621 21
-0.172 -0.292 1.878 19
-0.155 -0.263 1.69 20
-0.286 -0.624 0.805 20
-0.257 -0.562 0.725 20
-0.189 -1.523 1.989 20
-0.17 -1.371 1.79 20
-0.472 -1.139 3.085 20
-0.424 -1.025 2.777 20
-0.416 -0.577 -0.095 20
-0.375 -0.52 -0.086 20
-0.432 -0.416 0.551 20
-0.389 -0.374 0.496 20
-0.341 -0.44 0.688 20
-0.307 -0.396 0.619 20
0.042 0.03 -1.848 20
0.037 0.027 -1.663 20
0.56 0.456 -2.652 20
0.504 0.41 -2.387 20
0.401 0.688 -1.803 20
0.361 0.619 -1.623 20
0.17 0.626 -1.676 20
0.153 0.564 -1.508 20
0.138 0.507 -1.357 20
0.055 0.387 -1.222 20
0.049 0.349 -1.099 20
-0.024 0.314 -0.377 20
-0.021 0.282 -0.339 20
0.083 0.392 -0.142 20
0.075 0.353 -0.127 20
0.111 0.395 0.255 20
0.099 0.355 0.23 20
0.15 0.234 1.06 20
0.135 0.21 0.954 20
-0.085 -0.482 1.41 20
-0.076 -0.434 1.269 20
-0.525 -0.934 3.47 20
-0.473 -0.84 3.123 20
-0.529 -0.765 2.932 20
-0.476 -0.688 2.638 20
-0.334 -0.499 1.547 20
-0.3 -0.449 1.392 20
-0.029 -0.387 0.158 20
-0.026 -0.348 0.142 20
0.864 -0.563 -1.225 20
0.778 -0.507 -1.102 20
0.441 -0.292 -1.32 22
0.397 -0.263 -1.188 18
0.185 -0.099 -1.103 20
0.166 -0.089 -0.993 20
-0.22 0.1 -1.428 20
-0.198 0.09 -1.285 20
-0.29 0.564 -1.234 20
-0.261 0.507 -1.111 20
-0.123 0.75 -1.051 20
-0.111 0.675 -0.946 20
0.262 0.495 -1.386 23
0.235 0.446 -1.247 17
0.177 0.513 -1.08 20
0.16 0.462 -0.972 20
0.169 0.416 -0.702 20
0.152 0.374 -0.632 20
0.085 0.216 -0.525 20
0.016 0.211 -0.033 29
0.015 0.19 -0.03 31
0.065 -0.268 0.567 20
0.058 -0.241 0.51 20
-0.05 -0.743 3.124 20
-0.045 -0.668 2.811 20
-0.04 -0.851 3.858 20
-0.036 -0.766 3.472 20
-0.041 -0.198 -0.358 20
-0.037 -0.178 -0.322 20
-0.257 -0.031 -2.376 20
-0.232 -0.028 -2.138 20
-0.424 -0.318 0.98 20
-0.382 -0.286 0.882 20
-0.266 -0.059 1.449 20
-0.239 -0.053 1.304 21
0.042 0.451 -1.895 19
0.038 0.406 -1.705 20
0.474 0.365 -1.259 20
0.427 0.329 -1.133 20
0.263 0.365 0.074 20
0.237 0.328 0.067 20
0.282 0.183 -1.129 20
0.254 0.165 -1.016 20
-0.107 0.536 -0.543 20
-0.096 0.483 -0.489 20
0.094 0.762 -0.975 20
0.084 0.686 -0.877 20
0.171 0.505 -0.841 20
0.153 0.454 -0.757 20
0.035 0.478 0.611 20
0.031 0.43 0.55 20
0.243 -0.026 1.15 20
0.219 -0.023 1.035 20
0.171 -0.297 1.828 20
0.154 -0.267 1.645 20
1.156 -0.671 2.593 20
1.04 -0.604 2.334 20
0.833 -0.406 1.255 20
0.749 -0.365 1.13 20
0.062 0.464 0.094 20
0.056 0.417 0.085 20
-0.147 0.91 -0.914 20
-0.132 0.819 -0.823 20
-0.472 0.789 -1.404 20
-0.425 0.71 -1.264 20
-0.633 0.535 -1.534 20
-0.569 0.482 -1.381 20
-0.297 0.365 -0.682 20
-0.267 0.328 -0.614 20
-0.24 0.502 -1.303 20
-0.216 0.452 -1.172 20
-0.1 0.432 -1.055 20
-0.09 0.389 -0.949 20
-0.253 0.695 -0.191 20
-0.228 0.626 -0.171 21
0.079 0.184 -0.672 19
0.071 0.165 -0.604 20
-0.056 -0.945 1.361 20
-0.05 -0.851 1.225 20
-0.295 -0.843 2.887 20
-0.266 -0.759 2.598 20
0.225 -0.192 1.355 20
0.203 -0.172 1.22 20
0.114 -0.759 0.667 20
0.102 -0.683 0.6 20
-0.838 -0.726 3.075 20
-0.754 -0.654 2.767 20
-0.162 0.325 0.18 20
-0.145 0.292 0.162 20
-0.131 0.263 -3.061 20
0.502 0.047 -2.755 20
0.452 0.042 -2.479 20
0.105 -0.073 -0.61 20
0.094 -0.066 -0.549 20
0.378 0.104 -0.908 20
0.34 0.093 -0.817 21
0.323 0.187 -1.33 19
0.291 0.168 -1.197 20
0.012 0.859 -0.871 20
0.011 0.773 -0.784 20
0.216 0.48 -0.283 20
0.195 0.432 -0.254 20
0.123 0.337 0.615 20
0.111 0.303 0.554 20
0.203 -0.226 1.55 20
0.183 -0.204 1.395 20
0.949 -0.64 1.54 20
0.854 -0.576 1.386 20
1.096 -1.415 2.472 20
0.987 -1.274 2.224 20
-0.266 -0.525 2.373 20
-0.24 -0.473 2.135 20
-0.198 0.272 -0.121 20
-0.179 0.245 -0.109 20
-0.221 0.737 -0.615 20
-0.199 0.664 -0.553 20
-0.36 0.442 0.268 20
-0.324 0.398 0.241 20
-0.214 0.453 -1.498 20
-0.192 0.407 -1.348 20
-0.044 0.349 -3.722 20
-0.039 0.314 -3.35 20
0.222 0.283 -1.445 20
0.2 0.255 -1.301 20
0.171 0.289 -1.024 20
0.154 0.26 -0.922 20
0.242 0.338 -1.243 20
0.218 0.304 -1.119 20
0.058 0.575 -0.162 20
0.052 0.518 -0.146 20
-0.211 0.035 0.661 20
-0.19 0.031 0.595 20
-0.162 -0.6 3.122 20
-0.146 -0.54 2.81 20
-0.295 -0.935 1.942 20
-0.265 -0.841 1.748 20
0.234 -0.791 1.789 20
0.211 -0.712 1.61 20
-0.671 -0.27 0.776 20
-0.604 -0.243 0.699 20
-1.346 -0.107 0.948 20
-1.211 -0.096 0.853 20
-0.969 0.154 0.328 20
-0.872 0.139 0.295 20
-0.354 0.064 -1.389 20
-0.318 0.058 -1.25 20
-0.08 0.406 -0.599 20
-0.072 0.365 -0.539 20
0.193 0.501 -0.916 20
0.174 0.451 -0.825 20
0.381 0.371 -2.544 20
0.343 0.334 -2.29 20
0.308 0.594 -2.776 20
0.277 0.534 -2.499 20
0.241 0.429 -1.481 20
0.217 0.386 -1.333 21
0.057 0.011 0.748 19
0.051 0.01 0.673 20
-0.306 -0.111 1.278 20
-0.276 -0.1 1.15 20
-0.145 -0.512 1.613 20
-0.13 -0.461 1.452 20
0.339 -1.699 1.444 20
0.305 -1.529 1.3 20
-0.164 -1.101 2.911 20
-0.148 -0.99 2.62 20
-0.15 -0.857 1.16 20
-0.135 -0.771 1.044 20
0.334 -0.573 1.491 20
0.301 -0.516 1.342 20
0.107 0.147 1.251 20
0.096 0.132 1.126 20
-0.223 0.731 -2.4 20
-0.201 0.658 -2.16 20
-0.12 0.678 -3.419 20
-0.108 0.61 -3.077 20
0.143 0.351 -2.062 20
0.129 0.316 -1.856 25
0.133 0.215 -1.644 15
0.12 0.194 -1.48 20
0.237 0.269 -1.254 20
0.213 0.242 -1.129 20
0.123 0.278 -0.679 20
0.111 0.25 -0.611 20
0.065 -0.179 0.432 20
0.058 -0.161 0.388 20
-0.205 -0.654 2.246 20
-0.185 -0.588 2.022 20
-0.252 -1.357 3.13 20
-0.227 -1.221 2.817 20
-0.135 -1.306 4.398 20
-0.122 -1.175 3.958 20
-0.282 -0.282 0.001 20
-0.254 -0.254 0.001 20
-0.496 -0.271 -0.955 20
-0.446 -0.244 -0.86 20
-0.91 -0.228 -0.075 20
-0.819 -0.205 -0.068 20
-0.789 0.271 -1.052 20
-0.71 0.244 -0.947 20
-0.035 0.84 -2.241 20
-0.032 0.756 -2.016 20
0.35 0.913 -3.099 20
0.315 0.822 -2.789 20
0.404 0.585 -2.002 20
0.364 0.526 -1.802 21
0.138 0.517 -0.337 19
0.124 0.465 -0.303 20
0.111 0.418 -0.273 20
0.247 0.221 -0.211 20
0.222 0.199 -0.19 20
0.415 0.058 0.139 20
0.374 0.052 0.125 20
0.388 -0.314 1.604 20
0.349 -0.283 1.443 20
0.547 -0.616 2.937 20
0.492 -0.555 2.643 20
0.357 -0.335 0.775 20
0.321 -0.302 0.698 20
0.625 -1.091 0.369 20
0.563 -0.981 0.332 21
0.006 -0.176 0.627 19
0.006 -0.159 0.564 20
-0.442 0.141 -0.259 20
-0.398 0.127 -0.233 20
-0.651 0.39 0.678 20
-0.586 0.351 0.61 20
-0.209 0.342 -0.062 20
-0.188 0.307 -0.056 20
0.149 0.518 -1.421 20
0.134 0.466 -1.279 20
-0.102 0.609 -2.057 20
-0.092 0.548 -1.851 20
-0.117 0.631 -0.898 20
0.074 0.232 -1.059 32
0.067 0.209 -0.953 28
0.043 0.214 -0.978 21
0.039 0.192 -0.88 19
0.328 0.164 0.474 20
0.295 0.148 0.427 20
0.222 -0.513 1.333 20
0.2 -0.461 1.199 20
-0.172 -1.019 1.967 20
-0.155 -0.917 1.771 20
0.006 -1.204 4.861 20
0.005 -1.084 4.375 20
-0.563 -0.398 0.609 20
-0.507 -0.358 0.548 20
-0.818 -0.365 -2.023 20
-0.736 -0.329 -1.821 20
-0.809 -0.322 0.507 20
-0.728 -0.289 0.456 22
-0.449 0.282 0.635 18
-0.404 0.254 0.571 20
0.248 0.996 -2.83 20
0.223 0.896 -2.547 20
0.692 0.694 -2.18 22
0.623 0.625 -1.962 18
0.112 0.752 -1.602 20
0.101 0.677 -1.442 20
0.108 0.764 -2.444 20
0.097 0.688 -2.2 22
0.234 0.49 -1.661 18
0.211 0.441 -1.495 20
0.336 0.155 0.266 20
0.302 0.139 0.24 20
0.686 -0.322 0.966 22
0.617 -0.29 0.869 18
0.366 -0.7 1.73 20
0.329 -0.63 1.557 20
0.52 -1.076 1.893 20
0.468 -0.968 1.704 22
-0.362 -1.208 3.12 18
-0.326 -1.087 2.808 21
-0.586 -0.288 2.467 21
-0.528 -0.259 2.22 18
0.093 -0.285 -1.105 20
0.084 -0.257 -0.995 20
0.36 -0.11 -0.533 20
0.324 -0.099 -0.48 20
0.369 0.013 0.231 20
0.332 0.012 0.208 20
-0.011 0.252 -1.277 21
-0.009 0.227 -1.15 19
-0.172 0.696 -1.931 20
-0.155 0.626 -1.738 20
-0.122 0.693 -1.159 20
-0.11 0.623 -1.043 20
-0.03 0.647 -1.482 20
-0.027 0.582 -1.334 20
0.096 0.697 -0.726 20
0.086 0.627 -0.653 20
0.284 0.538 -1.217 20
0.256 0.484 -1.096 20
0.325 0.177 0.272 20
0.292 0.159 0.245 20
0.048 -0.33 2.72 20
0.043 -0.297 2.448 20
-0.357 -0.871 1.893 20
-0.321 -0.783 1.704 20
0.055 -1.662 3.732 20
0.049 -1.496 3.359 20
-0.369 -0.432 2.083 20
-0.332 -0.389 1.875 20
-0.471 -0.445 -1.899 20
-0.424 -0.4 -1.709 20
-0.838 -0.386 -0.27 20
-0.754 -0.347 -0.243 20
-0.817 -0.054 0.892 20
-0.735 -0.049 0.803 20
-0.179 0.611 -1.949 20
-0.161 0.55 -1.754 20
0.406 0.598 -3.346 20
0.365 0.538 -3.012 20
0.277 0.622 -1.762 20
0.249 0.56 -1.586 20
0.345 0.676 -1.556 20
0.311 0.609 -1.401 20
0.279 0.643 -1.623 20
0.251 0.578 -1.46 20
0.088 0.426 -0.047 20
0.079 0.383 -0.042 20
0.33 0.12 1.056 20
0.297 0.108 0.95 20
0.267 -0.315 1.036 20
0.24 -0.284 0.933 20
0.216 -0.255 0.839 20
0.246 -0.575 2.29 20
0.222 -0.517 2.061 20
-0.093 -1.397 3.209 20
-0.083 -1.257 2.888 20
0.191 -0.562 2.435 27
0.448 -0.308 -1.058 33
0.403 -0.277 -0.952 20
0.777 -0.352 -0.443 20
0.699 -0.317 -0.399 20
0.025 -0.053 1.123 20
0.023 -0.047 1.011 20
-0.056 0.034 -0.615 20
-0.05 0.031 -0.554 20
-0.485 0.45 -2.43 20
-0.436 0.405 -2.187 20
-0.186 0.701 -2.684 20
-0.167 0.631 -2.415 20
0.073 0.481 -1.329 20
0.065 0.433 -1.196 20
-0.001 0.536 -0.99 20
0.0 0.483 -0.891 20
-0.052 0.658 -0.25 20
-0.047 0.593 -0.225 20
-0.042 0.309 0.745 20
-0.038 0.278 0.671 20
-0.232 -0.404 2.207 20
-0.209 -0.364 1.986 20
-0.378 -0.215 2.15 20
-0.34 -0.194 1.935 20
0.098 -1.071 0.689 20
0.088 -0.964 0.62 20
0.114 -1.229 1.834 20
0.103 -1.106 1.651 20
-0.674 -0.599 0.917 20
-0.607 -0.539 0.825 20
-0.624 -0.382 0.992 20
-0.561 -0.343 0.893 20
-0.419 -0.016 0.14 20
-0.377 -0.014 0.126 20
0.013 0.34 -1.731 20
0.012 0.306 -1.558 22
0.468 0.818 -2.333 18
0.421 0.736 -2.1 20
0.551 0.844 -2.459 20
0.496 0.759 -2.213 20
0.317 0.623 -2.25 21
0.285 0.561 -2.025 19
0.171 0.737 -1.995 20
0.153 0.664 -1.795 20
0.354 0.528 -0.935 20
0.318 0.475 -0.841 20
0.209 0.229 1.742 20
0.188 0.206 1.568 20
-0.002 -0.046 2.291 20
-0.002 -0.041 2.062 20
-0.105 -0.305 1.847 20
-0.095 -0.274 1.662 20
0.017 -1.212 1.47 20
0.015 -1.091 1.323 20
-0.321 -1.413 3.708 20
-0.289 -1.272 3.337 20
-0.528 -0.463 1.986 20
-0.475 -0.417 1.787 20
-0.091 -0.298 -0.304 20
-0.082 -0.268 -0.274 20
-0.005 0.043 -0.315 20
-0.004 0.038 -0.284 20
-0.34 0.517 -1.299 20
-0.306 0.465 -1.169 20
-0.086 0.488 -2.595 20
-0.077 0.439 -2.336 20
-0.224 0.473 -2.249 20
-0.202 0.425 -2.024 20
-0.199 0.633 -2.382 20
-0.179 0.569 -2.143 20
0.062 0.616 -1.748 20
0.056 0.554 -1.573 20
0.093 0.576 -0.605 20
0.084 0.519 -0.545 20
0.196 0.441 0.069 20
0.177 0.397 0.062 20
-0.09 -0.237 2.237 20
-0.081 -0.213 2.014 20
-0.306 -0.347 3.088 20
-0.275 -0.312 2.779 20
0.036 -0.41 0.699 20
0.032 -0.369 0.629 20
0.012 -1.1 1.291 20
0.011 -0.99 1.162 20
-0.24 -0.546 1.218 20
-0.216 -0.491 1.096 20
0.072 -0.132 -0.694 20
0.065 -0.118 -0.625 20
0.412 -0.158 -0.26 20
0.371 -0.142 -0.234 20
-0.096 -0.025 0.366 20
-0.087 -0.022 0.329 20
0.068 0.384 -1.143 20
0.061 0.346 -1.028 20
0.555 0.372 -1.607 20
0.499 0.334 -1.446 20
0.251 0.706 -0.896 20
0.226 0.636 -0.806 20
0.212 0.675 -2.338 20
0.191 0.608 -2.104 20
0.258 0.521 -1.782 20
0.232 0.469 -1.603 20
0.372 0.129 0.074 20
0.335 0.116 0.066 20
0.241 -0.49 0.758 20
0.217 -0.441 0.682 20
0.213 -0.534 1.562 20
0.191 -0.481 1.406 20
-0.034 -0.7 1.955 20
-0.03 -0.63 1.759 20
0.101 -1.119 1.678 20
0.091 -1.007 1.51 20
0.082 -0.906 1.359 20
-0.331 -0.108 1.154 20
-0.298 -0.098 1.039 20
-0.345 -0.191 1.987 20
-0.311 -0.172 1.788 20
-0.185 0.043 1.885 20
-0.166 0.038 1.697 20
-0.029 0.569 -1.404 20
-0.026 0.512 -1.263 20
0.088 0.512 -2.758 20
0.079 0.461 -2.482 20
-0.454 0.794 -1.578 20
-0.409 0.715 -1.421 20
-0.247 0.816 -2.149 20
-0.222 0.734 -1.934 20
-0.036 0.471 -1.663 20
-0.032 0.424 -1.497 20
-0.219 0.554 -0.907 20
-0.197 0.498 -0.817 20
0.081 0.052 -0.726 20
0.072 0.047 -0.654 20
0.263 -0.612 2.411 20
0.237 -0.551 2.17 20
-0.493 -0.47 2.781 20
-0.443 -0.423 2.503 20
-0.209 -1.113 0.692 20
-0.188 -1.002 0.623 20
-0.075 -0.738 2.483 20
-0.067 -0.664 2.235 20
-0.5 -0.253 0.313 20
-0.45 -0.227 0.281 20
-0.741 -0.256 0.4 20
-0.667 -0.231 0.36 20
-0.316 -0.07 1.539 20
-0.284 -0.063 1.385 20
-0.032 0.65 -1.77 20
-0.028 0.585 -1.593 20
0.663 0.957 -4.4 20
0.597 0.861 -3.96 20
0.77 0.68 -2.546 20
0.693 0.612 -2.291 20
0.33 0.698 -1.562 20
0.297 0.628 -1.406 20
0.595 0.531 -1.369 20
0.536 0.477 -1.232 20
0.439 0.421 0.011 20
0.395 0.379 0.01 20
0.174 0.056 1.363 20
0.157 0.051 1.226 20
0.279 -0.514 1.397 20
0.251 -0.462 1.257 20
0.028 -0.528 2.528 20
0.025 -0.475 2.275 20
0.221 -0.911 1.358 20
0.199 -0.819 1.222 20
0.342 -0.97 1.479 20
0.308 -0.873 1.331 20
-0.248 -0.32 0.672 20
-0.223 -0.288 0.605 20
-0.201 -0.483 1.062 20
-0.18 -0.435 0.955 20
-0.326 -0.141 1.196 20
-0.293 -0.127 1.076 20
-0.316 0.264 -1.186 20
-0.284 0.237 -1.067 20
-0.626 0.843 -2.426 20
-0.564 0.759 -2.183 20
-0.723 0.898 -2.275 20
-0.651 0.808 -2.048 20
-0.016 0.667 -1.938 20
-0.015 0.6 -1.744 20
0.262 0.489 -0.854 20
0.236 0.44 -0.769 20
0.186 0.275 -0.243 20
0.167 0.247 -0.219 20
0.47 -0.001 0.026 20
0.423 0.0 0.024 20
0.423 -0.362 2.47 20
0.381 -0.326 2.223 20
-0.113 -0.509 1.759 20
-0.102 -0.458 1.583 20
0.278 -1.249 1.002 20
0.25 -1.124 0.902 20
0.13 -0.865 2.743 20
0.117 -0.778 2.469 20
-0.48 -0.459 0.144 20
-0.432 -0.413 0.129 20
-0.759 -0.346 -1.124 20
-0.683 -0.311 -1.012 20
-0.624 -0.228 0.494 20
-0.561 -0.205 0.444 20
0.158 -0.021 -0.487 20
0.142 -0.019 -0.438 20
1.059 0.249 -2.412 20
0.953 0.224 -2.171 20
0.728 0.547 -1.454 20
0.655 0.492 -1.308 20
0.374 0.65 -1.289 20
0.337 0.585 -1.16 20
0.001 0.785 -1.691 20
0.001 0.706 -1.522 20
-0.127 0.877 -0.456 20
-0.115 0.789 -0.41 20
0.06 0.684 -0.171 30
0.054 0.616 -0.154 20
0.16 0.304 -0.785 20
0.144 0.274 -0.706 20
0.069 -0.253 0.708 20
0.062 -0.227 0.638 20
0.574 -0.282 1.341 20
0.516 -0.254 1.207 20
0.387 -0.996 0.241 20
0.348 -0.896 0.217 20
-0.496 -0.815 3.722 20
-0.447 -0.734 3.35 20
-0.385 -0.721 3.885 20
-0.346 -0.648 3.497 20
0.395 -0.42 -0.146 20
0.355 -0.378 -0.131 20
0.587 -0.09 -1.109 20
0.528 -0.081 -0.998 20
0.242 0.073 -1.036 20
0.218 0.066 -0.933 20
0.248 0.24 -1.667 20
0.223 0.216 -1.5 20
-0.169 0.341 -1.566 20
-0.152 0.307 -1.409 20
-0.602 0.517 -1.665 20
-0.542 0.466 -1.498 20
-0.462 0.557 -1.59 20
-0.416 0.501 -1.431 20
-0.253 0.52 -1.038 20
-0.228 0.468 -0.934 20
-0.24 0.533 -0.228 20
-0.216 0.48 -0.205 20
0.003 0.449 0.625 20
0.003 0.404 0.562 20
0.356 0.096 1.247 20
0.32 0.087 1.123 20
0.297 -0.162 0.812 20
0.267 -0.146 0.731 20
0.232 -0.597 1.511 20
0.209 -0.537 1.36 20
0.395 -0.923 2.285 30
0.355 -0.831 2.056 20
0.018 -0.403 0.135 20
0.016 -0.363 0.121 20
-0.726 -0.326 -0.33 20
-0.654 -0.294 -0.297 20
-0.968 -0.48 1.956 20
-0.871 -0.432 1.761 20
-0.74 -0.138 1.826 20
-0.666 -0.125 1.643 20
-0.298 0.611 -1.529 20
-0.268 0.55 -1.376 20
0.077 0.711 -3.006 20
0.069 0.639 -2.705 20
0.131 0.575 -1.65 20
0.118 0.518 -1.485 20
0.322 0.544 -1.759 20
0.289 0.489 -1.583 20
0.329 0.595 -1.752 20
0.296 0.536 -1.577 20
0.387 0.612 -0.471 20
0.349 0.55 -0.424 20
0.443 0.461 0.583 20
0.399 0.415 0.525 20
0.143 0.114 0.576 20
0.129 0.103 0.518 20
0.194 0.136 1.018 20
0.174 0.122 0.916 20
0.45 0.075 0.575 20
0.405 0.068 0.517 20
-0.23 -0.404 1.276 20
-0.207 -0.363 1.148 20
0.02 -1.422 2.206 20
0.018 -1.28 1.985 20
0.214 -0.074 -0.937 20
0.193 -0.066 -0.843 20
-0.3 1.052 -0.181 20
-0.27 0.946 -0.163 20
-0.648 -0.872 0.482 20
-0.583 -0.785 0.434 20
-0.671 -0.62 0.821 20
-0.604 -0.558 0.739 20
-0.578 0.971 -0.42 20
-0.52 0.874 -0.378 20
-0.477 1.002 -0.444 20
-0.429 0.902 -0.399 20
-0.205 -0.291 -0.678 20
-0.184 -0.262 -0.61 20
-0.166 -0.063 -0.791 20
-0.149 -0.057 -0.712 20
-0.108 0.37 -0.554 20
-0.098 0.333 -0.499 20
-0.14 -0.337 -0.647 20
-0.126 -0.303 -0.582 20
-0.277 0.364 -0.076 20
-0.249 0.328 -0.068 20
-0.095 -1.058 2.093 20
-0.085 -0.952 1.884 20
-0.275 -0.831 0.531 20
-0.247 -0.748 0.478 20
-0.352 0.033 0.775 20
-0.317 0.03 0.698 20
-0.466 -1.033 1.249 21
-0.419 -0.929 1.124 19
-0.688 -0.431 0.632 20
-0.619 -0.388 0.569 20
-0.566 0.521 -0.168 21
-0.509 0.469 -0.151 19
-0.148 0.18 -0.524 20
-0.133 0.162 -0.472 20
0.198 -0.465 -0.787 20
0.179 -0.419 -0.708 20
0.393 -0.084 -0.93 20
0.354 -0.075 -0.837 20
0.439 -0.068 -0.814 20
0.395 -0.061 -0.732 20
0.39 -0.081 -0.409 20
0.351 -0.072 -0.368 20
0.187 0.011 0.03 20
0.168 0.01 0.027 20
0.22 -0.016 0.317 20
0.198 -0.014 0.286 20
0.075 0.098 -0.708 20
0.067 0.089 -0.637 20
-0.111 -0.281 0.021 20
-0.1 -0.253 0.019 20
0.056 -0.142 0.56 20
0.05 -0.127 0.504 20
0.192 0.341 0.255 20
0.172 0.307 0.23 20
0.103 0.466 0.12 20
0.093 0.419 0.108 20
0.161 0.119 0.399 20
0.145 0.107 0.359 20
0.337 0.329 -0.538 20
0.304 0.296 -0.484 20
0.273 -0.414 -1.591 20
0.246 -0.372 -1.432 20
0.221 -0.335 -1.289 20
-0.093 0.085 0.107 20
-0.084 0.077 0.096 20
-0.265 0.0 0.129 20
-0.238 0.0 0.116 20
-0.085 0.129 1.105 20
-0.077 0.116 0.994 20
-0.155 0.018 1.404 20
-0.14 0.017 1.263 20
0.054 -0.614 0.395 20
0.049 -0.552 0.356 20
0.122 -0.307 -0.257 20
0.109 -0.276 -0.231 20
0.047 -0.119 -0.337 20
0.042 -0.107 -0.303 20
0.046 -0.166 -0.342 20
0.042 -0.149 -0.308 20
0.063 0.598 -0.527 20
0.057 0.538 -0.474 20
0.077 0.389 -0.28 20
0.069 0.35 -0.252 20
0.045 -0.072 0.091 20
0.041 -0.065 0.082 20
-0.057 -0.024 0.22 20
-0.052 -0.021 0.198 20
-0.133 0.247 0.29 20
-0.119 0.223 0.261 20
-0.047 -0.109 0.175 20
-0.042 -0.098 0.157 20
0.064 -0.192 -0.039 20
0.058 -0.173 -0.035 20
0.087 0.154 -0.066 20
0.078 0.139 -0.059 20
0.07 0.133 -0.2 20
0.063 0.12 -0.18 20
-0.037 0.099 -0.205 20
-0.033 0.089 -0.184 22
-0.185 0.417 0.359 19
-0.167 0.375 0.323 19
-0.055 0.027 -0.019 20
-0.05 0.024 -0.017 20
-0.079 0.022 -0.067 20
-0.071 0.02 -0.06 20
-0.012 0.061 -0.338 20
-0.011 0.055 -0.305 20
-0.165 0.351 -0.231 20
-0.148 0.316 -0.208 20
-0.168 0.137 0.7 20
-0.151 0.124 0.63 20
-0.162 0.137 0.645 20
-0.146 0.123 0.58 20
# end
#Sun Apr 26 12:37:01 CEST 2015
